0.0688124224028106
0.5111414717445719
0.2677427989520974
0.9840811317186571
0.4833505892124692
0.2909192864598835
0.8463797839446466
0.9439791181933914
0.8252252900517932
0.6021650543749576
0.5963333712831519
0.32855481894383354
0.8516683928249871
0.7326136288634802
0.9446043802930562
0.10025889660834397
0.47153244668823124
0.5111980919771375
0.8717332481222682
0.2730457657493959
0.9344416612611879
0.623253083662091
0.07623781489273407
0.6233389395676815
0.40650280715516673
0.0030840808032300826
0.8153192880498371
0.2079826306450575
0.9394491334887922
0.5749760667191914
0.2790793302560891
0.7277466678186193
0.5092021526049239
0.6562732504006862
0.31902610053418423
0.8612526942159472
0.06818545107464902
0.7901094835125545
0.22752561722394593
0.1804826084463288
0.5441833112503478
0.11289330967581868
0.8818294937110109
0.5507024127501682
0.6675005795081131
0.16819967025687943
0.2313593218054174
0.12825316459308822
0.8310777877399547
0.5271828173175234
0.2376740553817216
0.44937416675751685
0.5977700395837846
0.13127598500155535
0.24911317262646482
0.6273854161176486
0.3596902512756467
0.1664400694988818
0.5703200275647207
0.8853398537122944
0.6795569176086197
0.6708964033907955
0.39531437081540144
0.21261764664017224
0.3993191796126463
0.5538941397196562
0.06567736684998604
0.35532086172251753
0.6657920690060707
0.925979002239685
0.23904051104352775
0.6886662886355684
0.6110834259569152
0.6117906790152295
0.18192188277542298
0.3364813223819544
0.6916773177936266
0.2237707489781272
0.0752558530353249
0.44746166485225036
0.3000085082225483
0.881106910369536
0.9788374324668152
0.8633782452515428
0.5752690511401133
0.936641601984164
0.722040773767
0.899432785687723
0.2637193971116558
0.43168105978605276
0.32819919543891307
0.031419912877935774
0.8187204278971242
0.09733846474879604
0.8048486438991866
0.9726588547121506
0.8313457649767779
0.7722212255240267
0.35167705206855526
0.2156950896751446
0.2296176192652747
0.860662287737858
0.5798553353838999
0.6254918791163777
0.3767541898562675
0.7393697581622855
0.6429493990019152
0.2101884579020984
0.5358487025530334
0.6768813342380918
0.14832961529285515
0.16704760075118097
0.42115731561570935
0.6876239609597493
0.268532531165937
0.9982617806255155
0.5838096532403213
0.39150772875345385
0.5976399888072347
0.2491643321678706
0.564165469312158
0.16030618411982622
0.10240823774223784
0.13063611533892017
0.9291902278526182
0.8158025840707074
0.5063775257392867
0.11655269677937641
0.44273878521454824
0.9619354150070606
0.13644709580367187
0.3240607910921113
0.1094318474837711
0.6796280723563264
0.44548152225369964
0.6776755297304592
0.6218415079598346
0.9492915084019403
0.9529306786385182
0.4912278463776063
0.06608153347892987
0.5890428265329085
0.4370533544154409
0.982012869569058
0.5841751490408219
0.9785010663980844
0.2850079589322009
0.8488933293229329
0.6432570069375988
0.11936284073967618
0.5603138231330601
0.18954281431797693
0.11674342130661997
0.8818375970176603
0.9955850239056543
0.8448398451437517
0.45222622693981396
0.8090865405423052
0.053927293995299164
0.3456078421814469
0.11983715572285147
0.418786474386459
0.9163623096655732
0.5684062303190346
0.25007690433270924
0.9612450610113781
0.09160849270029026
0.9799342294054617
0.22144114466384257
0.8169507211635448
0.20492510987736767
0.4678922558487091
0.019608661755238677
0.548038109157762
0.4503071582217256
0.022906287050789453
0.7664291181023546
0.4217001287452048
0.03516327841197553
0.4453797975991636
0.12039928590396753
0.7046875242462306
0.1235414544165303
0.6895769695302822
0.21611802973895333
0.11991853501360406
0.23548239111357638
0.7836575237570226
0.3505998681573016
0.14571696144308788
0.422632177737177
0.024581847592143546
0.38050999349687076
0.0016719050706891503
0.9062751058082295
0.19778853891046377
0.6492408852943152
0.04327647232558218
0.03378001629520755
0.9837860524935648
0.6097195068133305
0.2801396875400496
0.671627235911715
0.9561974226009174
0.11354278529706285
0.5927911185488005
0.16932016946847328
0.35434082863219973
0.06555611522449112
0.4097915681608205
0.3060834949619545
0.89698371089769
0.7175270556421057
0.6341354435512034
0.1630500637136607
0.44224868159997366
0.18073503549127712
0.15737286344834034
0.589026251482071
0.22824175721031714
0.43632243373842994
0.6856459776394451
0.814820715933581
0.2005176193337278
0.8730710903011167
0.49978699077913
0.2971463540567769
0.29400965468965656
0.7286097221667053
0.7472698513457957
0.8629986632250918
0.31874470456080495
0.3333638367916728
0.19022721197659687
0.30536516567206273
0.6490584424504738
0.18853496390341784
0.9058516973912111
0.4274040934828738
0.8239502468304399
0.8752862799255716
0.39455584851382175
0.9644124102123885
0.303903345483753
0.022758182142261885
0.8850665585020857
0.13354692794404266
0.15688785697110452
0.1997985366329258
0.26294107813442
0.809400814624378
0.2446183984135435
0.04440522029348115
0.7399492928807816
0.4195583938836953
0.1457344943482758
0.87694196146746
0.9490689195133247
0.0027756917277753645
0.8756533119362133
0.3276307382694639
0.46486369185143495
0.4603517315239771
0.6218838649298463
0.07127868865418918
0.8324435115706442
0.6821718123366027
0.9643024563799076
0.614732183318516
0.8163732262705591
0.19426003516974466
0.3206799720167479
0.4413531410674475
0.735238332605448
0.42471867008623077
0.6630266597300317
0.1879207572283239
0.13078395456043068
0.8684278493266347
0.37166931684279203
0.2682052411141841
0.28226036999585224
0.6346475750178768
0.18844158871328176
0.0031301112916392038
0.5595479129868292
0.9046702081793934
0.9899777170728145
0.4515760009536096
0.292517840522178
0.5835173245654798
0.40940332305583005
0.08286059719085448
0.21191570429242224
0.7926297268391008
0.46865138615719437
0.6547909817156956
0.7656306899457074
0.5735663017146186
0.37695809114352574
0.7993653212899725
0.7273252721607765
0.7241426231910572
0.6650870944288666
0.9793472798166714
0.22358236829884237
0.21445366830239732
0.8077391941303279
0.5517002841385532
0.06177186830000014
0.22469282722556183
0.4058137993525751
0.21916470010111755
0.9137055879279647
0.7658202721504311
0.6801780090799154
0.21776316453531097
0.47028492471950223
0.7545662160144939
0.47093671723583563
0.862348763701905
0.49268264705384945
0.4769530999546815
0.7781737300147124
0.988364163349082
0.979268613599335
0.05821381875789666
0.25008269811554706
0.9163908881730334
0.16805536336288085
0.3375684220759789
0.9584718953595532
0.8851475552154467
0.7783820879928989
0.813389538936605
0.9885603725899599
0.13147021215105048
0.3831337975730904
0.8519316899786346
0.07718618764381802
0.4762869900725455
0.07412158119331058
0.6746522036830008
0.10521751257682832
0.5924608283574688
0.98117685691386
0.7593631235955031
0.24823594746600597
0.8487709287515746
0.6395471247800202
0.96785008121411
0.7683135658498482
0.486423378821327
0.4081051393537345
0.6442497454143208
0.5404459429237599
0.7855730611031286
0.5635287556203951
0.3325138597864894
0.3846937269338304
0.9311943157615888
0.6951548367049484
0.14692716472150402
0.8274463301467211
0.4907236599880638
0.7168512971047821
0.08656165840597818
0.5892754647449345
0.8968837461120676
0.28232051326161245
0.3229325828467019
0.2677642601223097
0.007772662182713219
0.8710189129238267
0.6052588033499953
0.9473220341995833
0.441140477367973
0.4038494478107807
0.4688602019298249
0.9119465801620857
0.7426244650434953
0.8447002678711278
0.41068827035876865
0.42451208788478156
0.3512353382045139
0.039991808238391435
0.8022900330269777
0.6303525630047375
0.4259029583568661
0.17316707898474104
0.9091454651696638
0.8928585400001323
0.7884808870591805
0.007053548450362546
0.4908549693005808
0.6348995874596511
0.5362884877183647
0.5737362332175813
0.45168924597627946
0.02297643728203158
0.23475688860937638
0.8829518838926675
0.7621238031800783
0.7733403861080663
0.6447074640294426
0.15640906598994542
0.185759231810118
0.537099028439087
0.3140388032814978
0.5514954600674851
0.845465968785159
0.4891508634465328
0.5385516992012714
0.31535848893326435
0.3582685469343496
0.32499293831393783
0.7268231201223736
0.9863770209011773
0.9303796559315929
0.3415717558064607
0.09532982928615907
0.4722142571494692
0.3572145133611908
0.3934611505958835
0.3435343710737111
0.3573878932871708
0.7134646133998078
0.8257941442564276
0.3916507166115889
0.735800371483432
0.2025660835156632
0.16960138917448597
0.06440124581218931
0.389381198102817
0.5185775620805008
0.9610690362453572
0.983125962829108
0.34747816055222147
0.960071985216208
0.20182884491274844
0.3801237738619574
0.319472318646535
0.30067550909770424
0.035675581768844444
0.7892283589858183
0.4585643930777148
0.6564730068440081
0.6336671302427477
0.126280392883115
0.603317286551707
0.8676274796176391
0.5621020605109048
0.987122892361758
0.11049405127858913
0.972552503455953
0.2891261228778871
0.0621326054542245
0.4196593496902351
0.28064869469926734
0.20603628409347674
0.25833771014177564
0.4918021953915007
0.4967648763980965
0.6089016472384802
0.5680251185663435
0.5267034340449843
0.5117166922905286
0.745222478704748
0.15686061250817995
0.7514519487548822
0.2601092817516161
0.2260974171699267
0.028611082030233215
0.1414780729293783
0.25675924851932974
0.6879880706636029
0.16323473010491663
0.3591896855011941
0.5410203311020212
0.11010939913882423
0.634034554701547
0.15693182724232302
0.9201869526480108
0.8429309137795394
0.12305083123736993
0.3133436708052525
0.31076667926304913
0.8033777960786416
0.3798000927241467
0.7364474765518012
0.2933185115494753
0.5901533788773574
0.6602463588995873
0.6991754330894616
0.9281184687387422
0.9088949467890898
0.7658564473959434
0.17600193554388932
0.3086907451690559
0.47290867056619035
0.5108683286362775
0.631738059702251
0.005601547192930156
0.2061132513067946
0.6712692431899777
0.5780456990011773
0.7309560494087483
0.634564161010914
0.15589951248991196
0.40884578624035794
0.5504800020130795
0.21494087069417778
0.6191603324197262
0.6615103472788197
0.8356049291482159
0.6573707865737515
0.9493772931910661
0.7833198579153735
0.16503330864664922
0.9760043268245931
0.36396574714146734
0.19435731069438456
0.8960617446023762
0.6959904139131405
0.23502361788518777
0.20776338242839443
0.07647415157730175
0.9829187042843814
0.49104446554295866
0.7166472816075588
0.11936189455552992
0.4243481159236575
0.958378952131684
0.7679330828154906
0.28370136933449797
0.33001133213032363
0.0831094643501421
0.5592281545963631
0.38295672220252985
0.3639684072167705
0.2531213806948148
0.05954878264312724
0.41268617983258293
0.2388872555227537
0.7711998250333583
0.6116242133879777
0.41472753176003163
0.7455386882566186
0.36999674116107273
0.10539429269471667
0.897113967444283
0.7737963441112187
0.8246023672744025
0.6282629867247311
0.24435017848881957
0.3639274682981044
0.5243079199367554
0.8300081587379335
0.6224391825246686
0.6954898002374117
0.44713405624343094
0.1484463877155766
0.6636715648310938
0.07217764389207904
0.23952077453664067
0.9869581669511911
0.28262004833393617
0.6978550932028307
0.6997851168711203
0.09822559095084094
0.01666851447799056
0.5079690223383366
0.9149807638220706
0.2774294350297415
0.28314323590172974
0.6603904034309594
0.022541893559581694
0.3501969234218588
0.2067117615467814
0.3212215962161984
0.6026543964242755
0.8164787372370776
0.3710323617618172
0.469298641690195
0.615804629416254
0.15643300410609007
0.0954239862452807
0.4691024927540818
0.5771391347547521
0.6940088610488511
0.2571283817434915
0.6980786219428421
0.24414068461980454
0.3803440742885238
0.15799431237335304
0.9733170057155367
0.1715019356791202
0.6432700909104729
0.4911139184181482
0.5441828502940332
0.9545718685865298
0.16363570096317837
0.4004946270486929
0.8575375900197003
0.12797279741440393
0.6019099155136163
0.7326264655779564
0.3585078184988526
0.9011955346556538
0.4225746130227661
0.16169013005140997
0.9580313924514865
0.33762014458158507
0.8134842276257893
0.6477534003163007
0.33596343712445653
0.7783978683299796
0.1482154207092824
0.15465252202348412
0.5076971328873519
0.007858088999926016
0.17159286075179525
0.3001809330556434
0.1560810605155143
0.843368404837037
0.3979919647587604
0.3595305524416479
0.4060506044187071
0.7435242627392055
0.007102512180600096
0.14557135846777414
0.3262298688637174
0.28176395930297904
0.6263929051394124
0.8538905373291323
0.4658619368124244
0.8925926975503572
0.19855716009193747
0.940574020894675
0.35131801283967623
0.35423510444990713
0.663439598829749
0.4675636265634934
0.28678270045458887
0.24465889203310776
0.5916031264980564
0.8962725395736917
0.8525175308883072
0.49223494158954784
0.6687963330553987
0.7356750424801142
0.6251426343849542
0.8476146656081022
0.3776436266250116
0.030592647233717907
0.6849381924616851
0.26458728847573565
0.996738765035627
0.987885580557645
0.3128111117344361
0.42994323842858273
0.24821636094786848
0.8586016673297505
0.8556875172191947
0.9086768206256668
0.9121651340122773
0.5015003618672882
0.5610380028653081
0.09316178499959016
0.7216945414543735
0.41639887024980105
0.3958862138157152
0.2937108266394941
0.7455864767331792
0.6528561726769506
0.4230763289466548
0.7781301707561831
0.36292393625538566
0.40193565217882543
0.8882661432173482
0.18684355012540776
0.556903173872859
0.5089707258318763
0.49747063243061507
0.28838602974775196
0.01666383756681955
0.9080679218770451
0.06971090848324346
0.5548521869534181
0.9211100240104224
0.09174862848558618
0.5878573918726815
0.6239157448240492
0.046357488013693215
0.9369502716833975
0.4603946167375278
0.7330231690541211
0.18736835155780152
0.2387916009919362
0.8810890381774396
0.01272027196121317
0.32156460566056533
0.6890157450546038
0.3115774256389071
0.47466769176325996
0.12054021922327751
0.8154568500967677
0.8594776247084842
0.8652076495081115
0.9559778110235958
0.874226804088286
0.6376293924811274
0.2889132041817415
0.2025271079803772
0.6115551470730537
0.343943317431756
0.2369111458229185
0.5375014260857379
0.43957405217637724
0.0982826915246815
0.0038848619861676648
0.7424983461695853
0.8794312910727743
0.4928937683933744
0.18018541563818524
0.05872428134718033
0.41612793507785895
0.4943440263490767
0.2009074727196184
0.7777204203430296
0.9200147368720957
0.3656215864990672
0.3709258828154103
0.06488636223418409
0.5452840961197816
0.9392413620581465
0.4896176276939409
0.045083911663251874
0.7591232068038266
0.6105381585898607
0.18423738978147397
0.08748826657277653
0.7289614798692511
0.6518657304838179
0.4049434724559172
0.44680896634942
0.6307753158603905
0.6397742261499867
0.6476115686005766
0.16501643611849937
0.9920793954412521
0.5468735238227601
0.23982506770375323
0.6653664368981951
0.554918775246748
0.4886731992907436
0.018682374254504586
0.837996520429782
0.5674959229326818
0.22131969728620804
0.5351290018586774
0.9838690270260678
0.872913156555706
0.2628993069724742
0.9253186647044415
0.39824318431934624
0.8515610195275776
0.7405933202020994
0.8127462208506306
0.6322198897664238
0.2848926486916449
0.20983755511330238
0.8837985961788218
0.814347453567757
0.9781292255760957
0.014661826061530325
0.3482752749997152
0.7428992699047272
0.19510150659930126
0.06801609053703606
0.7138609088859754
0.16378342671596569
0.6268091843542604
0.25429216915213604
0.0006750390007914664
0.9577944197960048
0.6137055458279899
0.6336028431101838
0.004739318168208162
0.6296465484176987
0.1835496805344542
0.27677385073995253
0.6897125235937566
0.030695319427533785
0.07948605404333997
0.6672861842145578
0.8565312719956222
0.014083812196014178
0.03998017438113466
0.18195601491227775
0.6414121499761916
0.44635775381317033
0.7996577223474839
0.908084054593529
0.9784235813700659
0.13637990684890067
0.5759187973939709
0.8650419807607352
0.027496582700686556
0.8178405604645085
0.4393321366725247
0.7518291859057042
0.5211469899152548
0.680022121005682
0.06198825869486291
0.7578537599373503
0.1684321660079151
0.9783550285783913
0.03702050750265218
0.9601102447774854
0.7311941707544514
0.9694826506291542
0.13233113355933301
0.9515122039750549
0.6087396697918515
0.11046315494122638
0.3428786533703545
0.9904137749988845
0.23007277363357748
0.41429405978741163
0.871228041701361
0.656709862169169
0.6041112530204567
0.5387183262444399
0.23475065215017354
0.2135936737910602
0.6146061603878545
0.14469479406193497
0.7828942019506917
0.683240708945977
0.5798818335774616
0.283780781774744
0.7157495492309497
0.3697548795852883
0.5443205303534965
0.04059242954851616
0.9994041796749537
0.45139726520890544
0.322888866452571
0.6924229131277989
0.7724383203873845
0.41118736787897736
0.28014853429895537
0.6650813026080283
0.5528693760948519
0.8759770003661302
0.11943915437860742
0.3774743278156516
0.5465587393555268
0.018666445084394412
0.1880531772679368
0.4191494863256403
0.9892387835049244
0.360880403091584
0.26074379993309205
0.8210956522392232
0.7818055622973751
0.5237632046084444
0.534798362778742
0.3267011647078545
0.8897069039709207
0.37001149454396787
0.207384478204641
0.390096655387951
0.7596170792581391
0.765388421965749
0.5368108938566316
0.12534841348279402
0.5588141783911829
0.7257017655578752
0.06157855807766777
0.6472187104939321
0.06826425848431916
0.4230282431875745
0.42235142455390395
0.7489657789464855
0.6418645575290278
0.4055140011511963
0.31424456425759373
0.5590735695405059
0.22648024539211253
0.9764763540427766
0.05474449566385575
0.5902299459734066
0.9816612556152856
0.800771811734095
0.5407760275958842
0.23200229882789003
0.2879153866190476
0.7304911322665896
0.4146328283888514
0.497398348630542
0.9675434955188079
0.9902846803089436
0.5766018626020075
0.4844492166921547
0.6956079780122386
0.877164348471833
0.861234473707346
0.6075172185559355
0.6173065424130246
0.07848228648526434
0.4372913899138434
0.6688799479696415
0.22691656940276783
0.6526581536934987
0.18598046894513864
0.49562288371253604
0.7716671501371105
0.8619804005998755
0.8532735432948269
0.8533537681533507
0.9474343402010781
0.6254605154515086
0.16517932056892348
0.7894557529580086
0.785656535295732
0.8745991203112574
0.4624734020380352
0.3707424089445265
0.24633653274956657
0.6182919431254645
0.6486490731398308
0.4437277403822767
0.26471461970240096
0.9516477848701735
0.6352856043168638
0.41565328533734947
0.8932035153222506
0.29737411071222775
0.6624801211939297
0.3231636948439326
0.8616344159435274
0.6331694672554641
0.5212844671258277
0.016892447523093823
0.25038693755410335
0.4812094621432458
0.1823484201611869
0.37551660400821874
0.1191877830585446
0.22499088830894542
0.07771578651795952
0.4991300226152785
0.40106685354588334
0.32420659338586777
0.008194546742859576
0.3703218005632195
0.10950789881770795
0.5958267688001435
0.38587792658234743
0.061322978480852774
0.5810447495275125
0.5931404283560487
0.5819866161967971
0.9110709513697982
0.05083334532076966
0.7611411394203931
0.14586079723437761
0.33173209325529485
0.24482772044044854
0.5536739996620662
0.8934999809722718
0.8780933676536405
0.13977866658959603
0.5003897747583418
0.04157966711818395
0.598210886487179
0.0014716093997189095
0.3911037565463725
0.9949289747413166
0.33495588853581726
0.39296600326648135
0.39387455149561734
0.48880584487081313
0.16233124745779148
0.5529402572044088
0.6090956902791796
0.9990269004550719
0.5595180458742395
0.16062396816202462
0.963469432675844
0.6246864744692266
0.6348995539022017
0.8738151643527251
0.3038113083340328
0.6887550222052207
0.23346215879521426
0.6039304196460474
0.3830584089445268
